2A16ADA85CBE,-38.9,05,111111111
AE15F300C75B,-46.6,05,111111111
5A677D5A3117,-63.5,03,001111111
36DE4B0827EE,-64.3,05,111111111
424018C6B194,-65.1,00,000000010
48D343F604D8,-65.2,05,111111111
6AB99B77A3F1,-65.8,04,111111111
30DE4B0827EE,-66.2,05,111111111
2EDBBC120EE6,-66.4,04,000000001
9EA2F4A5B3E2,-66.4,05,111111111
FC039FE1784A,-66.5,05,111111111
28B77C1485CC,-66.5,05,111111111
92AB777EABCA,-66.5,03,000000111
5AD343F604D1,-67.0,05,111111111
F854F6C62A8C,-67.1,05,111111111
BE3CE346FDFB,-67.6,04,011111111
2816ADA85CBE,-67.8,05,111111111
3ADE4B0827EE,-68.3,05,111111111
9CA2F4F5B3E2,-69.6,05,111111111
120481B9CF13,-73.8,00,001111110
9EA2F4A556FE,-77.2,05,111111111
9CA2F4F556FE,-78.5,05,111111111
5AD34388F331,-78.6,05,000000001
6AD34388F331,-78.9,05,000111111
48D34388F331,-79.0,05,000111111
